world: eef0afc6-15ee-454a-b943-cbd23ed08ad7
world-name: world
x: -81.49466313913616
y: 62.0
z: 144.24034505551916
yaw: -20.402984619140625
pitch: 24.450197219848633
name: afk
lastowner: 1d93c810-09b5-34aa-bdfe-0192b576d29a
