world: eef0afc6-15ee-454a-b943-cbd23ed08ad7
world-name: world
x: -89.03531096708562
y: 62.0
z: 156.83771241678735
yaw: 179.69699096679688
pitch: 2.2501888275146484
name: spawn
lastowner: 1d93c810-09b5-34aa-bdfe-0192b576d29a
